#Time 		Data
0.000000	0.824869
0.001431	0.379222
0.002861	0.397513
0.004292	0.290127
0.005722	0.679376
0.007153	0.047561
0.008584	0.858404
0.010014	0.358774
0.011445	0.576397
0.012876	0.464289
0.014306	0.808158
0.015737	0.105282
0.017167	0.454401
0.018598	0.443647
0.020029	0.748785
0.021459	0.303627
0.022890	0.490693
0.024320	0.351181
0.025751	0.536769
0.027182	0.646463
0.028612	0.311350
0.030043	0.761992
0.031474	0.714939
0.032904	0.636693
0.034335	0.717939
0.035765	0.402596
0.037196	0.516338
0.038627	0.355335
0.040057	0.490485
0.041488	0.651708
0.042918	0.408878
0.044349	0.469433
0.045780	0.412923
0.047210	0.382890
0.048641	0.419256
0.050072	0.552546
0.051502	0.333190
0.052933	0.605109
0.054363	0.891760
0.055794	0.709782
0.057225	0.524580
0.058655	0.386995
0.060086	0.416663
0.061516	0.906159
0.062947	0.579403
0.064378	0.443416
0.065808	0.610572
0.067239	0.994014
0.068670	0.599568
0.070100	0.700551
0.071531	0.638718
0.072961	0.509808
0.074392	0.353328
0.075823	0.513536
0.077253	0.543200
0.078684	0.703877
0.080114	0.755923
0.081545	0.775920
0.082976	0.648391
0.084406	0.769875
0.085837	0.443541
0.087268	0.846568
0.088698	0.700154
0.090129	0.539523
0.091559	0.698419
0.092990	0.587175
0.094421	0.830189
0.095851	0.909400
0.097282	1.044125
0.098712	0.329284
0.100143	0.321335
0.101574	0.510838
0.103004	0.645312
0.104435	0.790112
0.105866	0.679579
0.107296	0.213586
0.108727	0.558359
0.110157	0.786768
0.111588	0.668766
0.113019	0.776723
0.114449	0.581429
0.115880	0.587316
0.117310	0.666354
0.118741	0.712625
0.120172	0.671849
0.121602	0.657564
0.123033	0.501204
0.124464	0.712423
0.125894	0.662848
0.127325	0.865954
0.128755	0.881414
0.130186	0.680236
0.131617	0.569721
0.133047	0.518606
0.134478	0.732624
0.135908	0.664967
0.137339	0.582302
0.138770	0.661366
0.140200	0.530220
0.141631	0.795400
0.143062	0.567942
0.144492	0.903843
0.145923	0.741213
0.147353	0.780804
0.148784	0.444680
0.150215	0.699113
0.151645	0.814921
0.153076	0.477643
0.154506	0.616713
0.155937	0.678054
0.157368	0.398481
0.158798	0.737710
0.160229	0.845484
0.161660	0.505922
0.163090	0.749508
0.164521	0.418516
0.165951	0.674807
0.167382	0.360966
0.168813	0.909977
0.170243	0.769048
0.171674	0.683918
0.173104	0.535383
0.174535	0.946740
0.175966	1.086983
0.177396	0.323540
0.178827	0.943942
0.180258	1.023813
0.181688	0.767459
0.183119	0.461577
0.184549	0.875673
0.185980	0.668394
0.187411	0.585368
0.188841	0.461714
0.190272	0.819406
0.191702	0.869434
0.193133	0.587740
0.194564	0.818135
0.195994	0.486725
0.197425	0.877540
0.198856	0.728055
0.200286	0.683001
0.201717	0.701539
0.203147	0.897239
0.204578	0.875118
0.206009	0.832503
0.207439	0.755723
0.208870	0.745321
0.210300	0.855007
0.211731	0.779403
0.213162	0.870988
0.214592	0.674028
0.216023	0.250658
0.217454	0.946964
0.218884	1.178168
0.220315	0.830619
0.221745	0.723889
0.223176	0.718205
0.224607	0.723256
0.226037	0.752123
0.227468	0.525811
0.228898	0.648369
0.230329	0.553957
0.231760	0.804695
0.233190	0.697181
0.234621	0.857125
0.236052	0.724716
0.237482	0.958497
0.238913	0.805511
0.240343	1.202518
0.241774	0.386679
0.243205	0.638142
0.244635	0.949396
0.246066	1.276338
0.247496	0.722519
0.248927	0.782554
0.250358	0.730131
0.251788	1.043259
0.253219	0.721079
0.254649	0.916128
0.256080	0.717728
0.257511	0.528750
0.258941	0.847545
0.260372	0.887046
0.261803	1.046628
0.263233	0.767467
0.264664	0.667658
0.266094	0.905256
0.267525	0.842425
0.268956	0.851984
0.270386	0.782802
0.271817	1.031066
0.273247	0.874471
0.274678	1.183078
0.276109	1.025931
0.277539	0.937103
0.278970	0.481379
0.280401	0.928904
0.281831	0.894071
0.283262	0.973778
0.284692	1.022050
0.286123	0.734560
0.287554	0.981110
0.288984	0.705422
0.290415	1.210432
0.291845	0.554640
0.293276	0.470466
0.294707	0.494033
0.296137	0.647640
0.297568	0.603502
0.298999	1.220114
0.300429	0.765172
0.301860	0.563511
0.303290	1.056496
0.304721	0.717888
0.306152	0.589396
0.307582	1.013508
0.309013	0.964587
0.310443	0.754497
0.311874	1.124570
0.313305	0.870456
0.314735	1.169599
0.316166	0.948331
0.317597	1.161117
0.319027	0.872810
0.320458	0.608555
0.321888	1.343951
0.323319	0.746496
0.324750	0.817457
0.326180	0.718719
0.327611	0.819693
0.329041	0.910480
0.330472	0.903885
0.331903	0.997297
0.333333	1.225098
0.334764	0.844147
0.336195	0.623190
0.337625	0.634924
0.339056	0.739810
0.340486	0.539696
0.341917	1.041115
0.343348	0.778040
0.344778	0.817059
0.346209	0.880451
0.347639	0.603079
0.349070	0.711714
0.350501	1.020493
0.351931	1.010832
0.353362	0.800064
0.354793	1.252379
0.356223	0.630700
0.357654	0.824422
0.359084	0.848825
0.360515	0.337950
0.361946	1.285646
0.363376	0.972980
0.364807	0.692370
0.366237	1.313096
0.367668	1.021567
0.369099	0.991914
0.370529	0.786183
0.371960	0.930400
0.373391	0.605594
0.374821	1.071309
0.376252	0.838989
0.377682	0.942260
0.379113	1.157435
0.380544	0.975548
0.381974	0.972665
0.383405	0.977045
0.384835	0.776665
0.386266	1.092094
0.387697	1.235138
0.389127	1.079801
0.390558	1.106595
0.391989	0.755731
0.393419	0.759204
0.394850	0.646160
0.396280	1.182359
0.397711	0.886646
0.399142	1.219025
0.400572	0.784247
0.402003	0.854701
0.403433	0.962862
0.404864	1.129641
0.406295	0.959074
0.407725	0.990723
0.409156	0.953377
0.410587	0.987083
0.412017	0.729925
0.413448	0.970978
0.414878	0.919050
0.416309	0.946575
0.417740	1.057981
0.419170	0.824952
0.420601	0.945759
0.422031	0.904762
0.423462	1.049269
0.424893	1.124336
0.426323	0.777871
0.427754	1.087711
0.429185	1.385260
0.430615	0.679445
0.432046	0.809216
0.433476	0.800709
0.434907	0.922578
0.436338	1.304541
0.437768	0.984216
0.439199	0.844180
0.440629	1.109053
0.442060	0.866305
0.443491	1.212522
0.444921	1.050467
0.446352	1.268743
0.447783	0.860292
0.449213	1.600306
0.450644	1.160625
0.452074	1.128198
0.453505	0.988618
0.454936	0.855310
0.456366	0.828449
0.457797	0.976381
0.459227	0.845696
0.460658	1.063259
0.462089	0.843078
0.463519	1.134088
0.464950	1.202669
0.466381	0.871850
0.467811	1.253129
0.469242	0.968578
0.470672	1.248797
0.472103	1.106947
0.473534	1.245353
0.474964	0.823057
0.476395	1.002676
0.477825	1.315894
0.479256	0.903574
0.480687	0.621315
0.482117	0.641811
0.483548	0.530615
0.484979	0.610644
0.486409	0.952722
0.487840	1.292329
0.489270	0.949752
0.490701	1.104477
0.492132	1.019346
0.493562	1.044628
0.494993	1.010852
0.496423	1.011230
0.497854	1.139872
0.499285	0.814017
0.500715	1.252812
0.502146	1.236364
0.503577	1.014923
0.505007	1.216587
0.506438	0.916813
0.507868	0.951211
0.509299	1.091482
0.510730	1.023758
0.512160	0.973629
0.513591	0.930460
0.515021	0.955025
0.516452	1.255931
0.517883	0.681006
0.519313	1.141744
0.520744	1.025531
0.522175	1.219955
0.523605	1.178980
0.525036	0.521032
0.526466	1.196042
0.527897	1.145542
0.529328	1.086633
0.530758	0.990099
0.532189	1.256064
0.533619	1.004376
0.535050	1.455499
0.536481	1.203005
0.537911	1.519268
0.539342	0.936169
0.540773	0.743665
0.542203	1.239381
0.543634	1.268538
0.545064	1.106643
0.546495	0.793386
0.547926	1.013139
0.549356	1.227889
0.550787	1.069030
0.552217	1.084242
0.553648	1.073921
0.555079	0.923804
0.556509	1.005556
0.557940	0.828423
0.559371	1.468900
0.560801	1.021807
0.562232	1.213977
0.563662	0.915651
0.565093	1.280508
0.566524	0.748544
0.567954	1.308873
0.569385	1.119250
0.570815	1.550018
0.572246	0.868164
0.573677	1.146320
0.575107	1.206064
0.576538	1.380772
0.577969	1.051194
0.579399	1.154632
0.580830	0.710419
0.582260	0.974453
0.583691	1.232383
0.585122	1.364469
0.586552	1.088860
0.587983	1.558052
0.589413	1.500405
0.590844	1.137798
0.592275	0.668802
0.593705	0.797563
0.595136	0.999078
0.596567	1.379391
0.597997	1.219851
0.599428	0.740521
0.600858	1.115191
0.602289	1.485190
0.603720	1.089131
0.605150	1.015671
0.606581	1.578164
0.608011	1.179494
0.609442	1.074555
0.610873	1.241993
0.612303	1.176967
0.613734	1.089279
0.615165	1.418372
0.616595	1.401395
0.618026	1.348001
0.619456	1.160825
0.620887	1.412356
0.622318	1.174609
0.623748	1.279452
0.625179	1.394434
0.626609	1.351039
0.628040	1.548795
0.629471	1.282675
0.630901	0.857179
0.632332	0.963531
0.633763	1.467160
0.635193	1.132456
0.636624	1.277594
0.638054	1.031569
0.639485	1.403610
0.640916	1.128041
0.642346	1.498202
0.643777	1.101708
0.645207	1.433355
0.646638	1.346181
0.648069	1.068397
0.649499	1.434248
0.650930	1.035696
0.652361	1.053103
0.653791	1.363513
0.655222	1.095676
0.656652	1.103549
0.658083	1.155111
0.659514	1.025431
0.660944	1.436038
0.662375	1.350315
0.663805	1.216320
0.665236	1.210081
0.666667	1.323364
0.668097	1.587974
0.669528	1.410675
0.670959	1.136363
0.672389	1.395112
0.673820	1.217447
0.675250	1.202976
0.676681	1.617643
0.678112	1.162135
0.679542	1.151659
0.680973	0.858649
0.682403	0.970178
0.683834	1.342442
0.685265	1.114807
0.686695	1.358448
0.688126	1.033964
0.689557	1.105050
0.690987	1.395000
0.692418	1.553838
0.693848	1.381728
0.695279	1.504373
0.696710	1.607299
0.698140	1.475972
0.699571	1.085840
0.701001	1.250033
0.702432	1.398714
0.703863	1.191280
0.705293	1.366212
0.706724	0.961565
0.708155	1.113244
0.709585	1.386320
0.711016	0.834700
0.712446	1.062148
0.713877	1.281721
0.715308	0.942959
0.716738	1.299836
0.718169	1.130076
0.719599	1.233240
0.721030	1.241336
0.722461	1.332565
0.723891	1.183523
0.725322	1.315791
0.726753	1.179196
0.728183	1.412216
0.729614	1.641337
0.731044	1.343523
0.732475	1.339696
0.733906	1.074495
0.735336	1.447543
0.736767	1.158830
0.738197	1.150248
0.739628	1.425079
0.741059	1.351372
0.742489	1.538173
0.743920	1.606887
0.745351	1.211949
0.746781	1.347135
0.748212	1.675116
0.749642	1.517914
0.751073	1.468790
0.752504	1.588995
0.753934	1.208407
0.755365	1.458218
0.756795	1.614326
0.758226	1.658231
0.759657	1.174385
0.761087	1.286861
0.762518	1.415313
0.763948	1.282544
0.765379	1.263554
0.766810	1.480291
0.768240	1.274382
0.769671	0.989055
0.771102	1.420581
0.772532	1.264887
0.773963	1.205053
0.775393	1.039785
0.776824	1.557271
0.778255	0.910658
0.779685	1.017787
0.781116	1.304058
0.782546	1.606592
0.783977	1.624316
0.785408	1.132952
0.786838	1.329996
0.788269	1.065005
0.789700	1.570911
0.791130	1.074931
0.792561	1.343178
0.793991	1.579987
0.795422	1.330481
0.796853	1.670570
0.798283	1.204110
0.799714	1.453523
0.801144	1.551915
0.802575	1.354890
0.804006	1.661669
0.805436	1.495606
0.806867	1.060064
0.808298	2.180848
0.809728	1.520430
0.811159	1.413743
0.812589	1.114086
0.814020	1.411776
0.815451	1.305007
0.816881	1.527440
0.818312	1.474477
0.819742	1.772319
0.821173	1.431741
0.822604	1.507565
0.824034	1.480929
0.825465	1.378313
0.826896	1.372905
0.828326	1.631359
0.829757	1.568738
0.831187	1.288418
0.832618	1.193193
0.834049	1.403972
0.835479	1.651315
0.836910	1.415095
0.838340	1.771462
0.839771	1.268734
0.841202	1.453650
0.842632	0.923635
0.844063	1.309336
0.845494	1.368219
0.846924	1.533804
0.848355	1.775323
0.849785	1.441753
0.851216	1.727121
0.852647	1.570248
0.854077	1.636755
0.855508	1.347828
0.856938	1.719631
0.858369	1.229613
0.859800	1.544811
0.861230	1.256941
0.862661	1.345298
0.864092	1.158220
0.865522	1.348805
0.866953	1.523871
0.868383	1.441468
0.869814	1.187242
0.871245	1.752517
0.872675	1.527387
0.874106	1.663130
0.875536	1.620136
0.876967	1.331690
0.878398	1.077228
0.879828	1.284726
0.881259	1.714416
0.882690	1.260249
0.884120	1.635741
0.885551	1.351624
0.886981	1.554301
0.888412	1.112469
0.889843	1.712242
0.891273	1.472467
0.892704	1.659139
0.894134	1.521520
0.895565	1.644734
0.896996	1.466309
0.898426	1.636940
0.899857	1.187928
0.901288	1.275274
0.902718	1.638085
0.904149	1.486728
0.905579	1.450387
0.907010	1.461789
0.908441	1.599630
0.909871	1.382190
0.911302	1.604494
0.912732	1.320847
0.914163	1.424129
0.915594	1.704143
0.917024	1.722977
0.918455	1.290870
0.919886	1.679601
0.921316	1.305611
0.922747	1.661626
0.924177	1.136833
0.925608	1.294747
0.927039	1.417948
0.928469	1.488019
0.929900	1.807613
0.931330	1.705263
0.932761	1.841131
0.934192	1.768932
0.935622	1.472612
0.937053	1.477493
0.938484	1.746126
0.939914	1.541980
0.941345	1.504081
0.942775	1.270012
0.944206	1.517335
0.945637	0.982001
0.947067	1.450550
0.948498	1.347370
0.949928	1.683436
0.951359	1.450761
0.952790	1.482258
0.954220	1.819063
0.955651	1.341402
0.957082	1.616121
0.958512	1.175310
0.959943	1.573883
0.961373	1.639564
0.962804	1.731059
0.964235	1.380921
0.965665	1.626163
0.967096	1.627436
0.968526	1.561533
0.969957	1.596956
0.971388	1.661233
0.972818	1.649676
0.974249	1.372472
0.975680	1.334075
0.977110	2.076017
0.978541	1.960353
0.979971	1.299630
0.981402	1.669586
0.982833	1.706603
0.984263	1.732957
0.985694	1.612342
0.987124	1.400463
0.988555	1.550927
0.989986	1.490759
0.991416	1.617433
0.992847	1.538457
0.994278	1.567370
0.995708	1.798989
0.997139	1.842964
0.998569	1.362206
1.000000	1.508014
